10

11. 1111111111 111111111111111111 11111111.

111 11111 111111 &thaliam 1111 11111111111111111111 111111111111
l. 11111126. 1111111863. (1111111 1111111 1111111111 1111111, 11111111 11111111111111
’ 111111 111 11111111 11111 11 15 11111111 1111 1111111111 11 1111 1111111111 10 1111111. 1111111111 11111.

2. 1111130. 111111. (11111112111111111111111111111111111111111111111111111111.
1111111 1111111111 111111 111111 111 1111111111 11111 1111111. ’

3. Qum 11111111, 11111111 111 1111111111 1111111111 3111111111 11111 1111111 1111111111
11111111111111111 111111111111111111111 1111. 61111111 11111111 1111111111

4. 11111 1111111. 1111111111111111 1111111111111 1111111 11111111111111111111111
11 1111 11111111111111 111111 11 1111111111111111111111.

5. 111116. 3111. 111111111111 111111111111111111111 1111111111111 111111111111111
11111 1111 1111111111 111111. 11111111δί1111.

6. 1111110111111. 1111 11111111 (1111111111 111 1311111111111111111111111111111111111111
11111111111111111111111 11111 1111111111 111 1111111111 111 1111111111, 1111 1111 1111111111 11111111 (1111111 111
111111111111111111111111 ς1111111 11111 11111111, 111 1111111111 1111 111111111111 11111111 11111111, 1111
111 1111, 111 111 111 111111 11111111, iiber 111 11111111111111 111111 111 1111 111 111111 1111111111 11111111

Ι 1111111111111111111 1111111111 111111111111, 111 1111111111111 1111111111 1111 111111 111111

1111111 111 11 1111111111 111 1111111111111111 111111111111111111111111 11111 1111111111 111·
1111111 11 111 1111111111 1111 111 11111 11111111111111111111 11111.
7. 11111 19. 1111111. 111 1111 1111111111 11111 111 11111111111111 1111111111 111 111111·

. 111111111111111111111111111 1111111111111111 11111111111111111 111111 11111 111111111111131111

111111, 11111111111111111111111111111111111111111111 1111111111 111111 111 1111111111 1111111111·
1111111111 1111111 1111111111111111111 1111 111 1111111 1111111111 1111111.

8. 11113011111111. 1111111111 111 6111111111 1111111111 111111111111111111111
1111111111 111 1111111111 1111 1111111111 11111111 111111.

9. 1111131ὓ11υῦε1 11111111111121111 1111111111 1111111111 1111111111 1111 11111111
11111 111 111 1111111111 1113111111111111111111111111 11 11111 11111 1111111111111111111111111111111111
111 1111111111111 11111111111111111 11111111111111111 1111111 111111 111 Ε11111111111111111 111111
1111111111 111 11111 1111111111 11 4 1111111111 1111111111 (111111) 11111111 111 111111111111111
111 111 111 1111111111111 1111111111 1111 111 11111 111111111111111 1111111111111 1111111111 111
11111111, 1111111111 1111111111 111111111111111, 1111111111 1111111111111111111111111111111111. 31111111
11111111111111111111111111 1111111 1111111111 1111111 111 1111111 11111111 11111111 111 1111111
&chalet 1111 1111 111 1111111 Θ111111111111111 1111111 1111 11111111111111111111 11111111111111111
111111 111111111111111111 111 1111111. - 31 111 3111111111 11111111 1111111111 11111111 1111
11111111 1111 11111111 1111111111 11111111111111 11111111111111 1111111111, 11111111, 1111111111,
1111111111111111 1. 111. 11. 1111 111111111111111111111111111-1111111111 1111 111 3111111111
111 111 11111111 1113111111111111 111111111111111111111111 1111111111.

10. 131111113111111186311151111111864. 1111111111111145111111111111111
11111111111111111111. 11111111111Ξ1111111111111, 161 11111 1111111111 1111111111111111 11111111. 11111
1111111111 11 111111.

 

